k_J = Inf

k_1 = Inf

k_2 = Inf

k_3 = Inf

r_J = 22

r_1 = 22

r_2 = 22

r_3 = 22

sum sens vecs J = 271.45717401087506

sum sens vecs 1 = 178.31082338819095

sum sens vecs 2 = 244.6070280498415

sum sens vecs 3 = 227.20542171669283

sens vecs norms J = Any[0.0, 1.3380061511855215, 1.3398859670644643, 1.3398859670640095, 0.0, 6.0545499373940235, 11.766173512770116, 15.543623579853326, 18.1664690487042, 16.970856394235838, 14.617481013190671, 17.90413248937067, 17.04918424505176, 10.453605948384565, 8.874255438524859, 0.0, 5.128206867541752, 8.744490720137861, 10.722475892609944, 12.172842529131282, 13.398288102340809, 14.421792618832724, 15.272913694634202, 15.947898979184089, 16.875433822087686, 17.35472109158062, 0.0, 2.305301045269073e-79, 4.5282949321895484e-79, 6.017147675978586e-79, 1.0340740677558063e-78, 1.1016218639875174e-78, 1.1304345419540878e-78, 1.1559550490739525e-78, 1.1587468981490546e-78, 1.1590652351508992e-78, 1.1590781220303193e-78, 0.0, 4.3143242880829897e-79, 6.486590576913621e-79, 7.982955240238456e-79, 9.825637259400748e-79, 1.0767575886502216e-78, 1.1186842045221658e-78, 1.1538354747612008e-78, 1.1575990955319888e-78, 1.1580291565294833e-78, 1.158049490853609e-78, 0.0, 3.872676296339738e-79, 5.589080330974501e-79, 7.351973896098982e-79, 8.769258769963178e-79, 1.0234499745805575e-78, 1.093897788577704e-78, 1.128439511136484e-78, 1.1557445294952132e-78, 1.158701003460787e-78, 1.159051791868853e-78, 1.1590674847732116e-78, 0.0, 9.748288519391325e-79, 1.1279088528698473e-78, 1.1564268101027184e-78, 1.1564442017114499e-78, 0.0, 8.947048841840245e-79, 1.1303006675005e-78, 1.1590498842477211e-78, 1.1590674842790267e-78, 0.0, 0.0, 0.0, 0.0, 0.0, 0.0, 0.0, 0.0, 0.0, 0.0, 0.0, 0.0, 0.0, 0.0, 0.0, 0.0]

sens vecs norms 1 = Any[0.0, 1.9489831960528874, 1.955459644462956, 1.9554596444609196, 0.0, 6.735198137548432, 10.05424012896135, 10.598836145802094, 10.019444256344052, 9.404238706172354, 9.038252787072812, 8.8422547400148, 8.662239237335097, 8.056845850849195, 4.929225103149273, 0.0, 6.614668885206655, 9.990762516556682, 10.600578544790752, 10.030217928895786, 9.407185461690338, 9.041720400897624, 8.838312897103538, 8.664172028465726, 8.041940310302538, 4.880586836055083, 0.0, 1.0240380379716838e-57, 1.8827967021476385e-57, 1.9975145633398644e-57, 3.2714284975442574e-57, 2.6233615207407705e-57, 2.1182548272640787e-57, 2.542122209431498e-57, 3.1424668220260014e-57, 2.6547176125653366e-57, 4.285691015065711e-57, 0.0, 1.6234929390728393e-57, 1.6742473227182136e-57, 1.3874626536559965e-57, 1.801686537401512e-57, 2.6479022344083944e-57, 1.619969757707863e-57, 1.646103405143322e-57, 1.883831625550633e-57, 2.6943897814696684e-57, 2.6683551387392124e-57, 0.0, 5.02818149728244e-58, 1.0925621872058214e-57, 2.3240217080389865e-57, 3.2582731522670625e-57, 2.1035130869375545e-57, 2.591094631347099e-57, 3.317713154286547e-57, 2.872844035481967e-57, 2.5290148581888978e-57, 1.2794947263364176e-17, 3.1354439157673834e-15, 0.0, 5.0393868022779115e-58, 3.1674751904801465e-58, 2.904973104746861e-58, 2.9049504135811155e-58, 0.0, 2.5454862418377434e-57, 2.819148007892181e-57, 7.127761540119036e-16, 4.0345250187779746e-15, 0.0, 0.0, 0.0, 0.0, 0.0, 0.0, 0.0, 0.0, 0.0, 0.0, 0.0, 0.0, 0.0, 0.0, 0.0, 0.0]

sens vecs norms 2 = Any[0.0, 1.7807330049064805, 1.7861378834498247, 1.7861378834498367, 0.0, 7.035139281647761, 13.908497013356747, 17.066502901285872, 12.200646554045749, 10.47728664080908, 11.800203721200234, 13.256545996723155, 13.881535124126597, 9.70704733688249, 10.444013426122856, 0.0, 6.8845599206257, 13.698363604554949, 17.072914740989614, 12.275572319585468, 10.473717629477921, 11.778305273454027, 13.284813128395141, 13.883053502415107, 9.605474408515526, 10.519826753821354, 0.0, 2.3238541353590237e-31, 4.511046011803591e-31, 5.9383234906303675e-31, 9.854240769399686e-31, 1.038159740140072e-30, 1.0615808848253583e-30, 1.0784287645798414e-30, 1.078833459145161e-30, 1.0804038417874416e-30, 1.0793040763423674e-30, 0.0, 4.301648649475183e-31, 6.37790306799883e-31, 7.761970357127133e-31, 9.413005024810775e-31, 1.0183013567212448e-30, 1.0512165015484063e-30, 1.0764473696866418e-30, 1.0777859516665667e-30, 1.0787486429922337e-30, 1.0784699640833609e-30, 0.0, 3.8786717036222336e-31, 5.544890358827965e-31, 7.20283721708211e-31, 8.483235456172642e-31, 9.764477093944707e-31, 1.0333556345048955e-30, 1.0587299731213896e-30, 1.0787221974443133e-30, 1.0801949137969303e-30, 1.0801652044676918e-30, 1.0805991079404486e-30, 0.0, 9.32372479828951e-31, 1.0537680513668554e-30, 1.0721145084018939e-30, 1.0721200473782372e-30, 0.0, 8.656455079978238e-31, 1.0621062679456852e-30, 1.0803915770061129e-30, 1.0792635885583775e-30, 0.0, 0.0, 0.0, 0.0, 0.0, 0.0, 0.0, 0.0, 0.0, 0.0, 0.0, 0.0, 0.0, 0.0, 0.0, 0.0]

sens vecs norms 3 = Any[0.0, 1.8159252829526975, 1.82478746871201, 1.824787468710291, 0.0, 7.037108645521196, 13.893266520551487, 14.845537490786082, 10.430743007414124, 10.298509328676303, 11.491174666575922, 12.639147272555903, 13.059691675172651, 8.93577908319886, 8.401421305830874, 0.0, 6.886440261058986, 13.68804115943713, 14.882614398120005, 10.460501647902207, 10.293076962696633, 11.473752926181119, 12.66119447685337, 13.06240925225839, 8.83372205124599, 8.465789364280587, 0.0, 5.914219532501984e-42, 1.1757595447632596e-41, 1.5631349797144592e-41, 2.441262906626924e-41, 2.5875890724741024e-41, 2.5688220297996137e-41, 2.6426622984695953e-41, 2.6735162084797156e-41, 2.6238722167355905e-41, 2.6725841054149445e-41, 0.0, 1.1070667288364322e-41, 1.651340653970956e-41, 1.9733020939891178e-41, 2.2810947003340742e-41, 2.5080358164938394e-41, 2.524748528581431e-41, 2.5530089913821226e-41, 2.605949794171322e-41, 2.55174336799136e-41, 2.5837465990502166e-41, 0.0, 9.976051139149974e-42, 1.450078969002149e-41, 1.8781951058124796e-41, 2.1561850921750272e-41, 2.408292718931013e-41, 2.585510380985254e-41, 2.568221179996045e-41, 2.629792731432966e-41, 2.6731406502133087e-41, 2.6098098175058373e-41, 2.663233635166525e-41, 0.0, 2.1734085277792166e-41, 2.3672468302536774e-41, 2.3862565506760264e-41, 2.386257981199718e-41, 0.0, 2.2155011795436262e-41, 2.65490824349702e-41, 2.66218035831627e-41, 2.6342570095144757e-41, 0.0, 0.0, 0.0, 0.0, 0.0, 0.0, 0.0, 0.0, 0.0, 0.0, 0.0, 0.0, 0.0, 0.0, 0.0, 0.0]